1.00E-03    0.00000088000
2.15E-03    0.00000088000
4.64E-03    0.00000088000
1.00E-02    0.00000088000
2.15E-02    0.00000088000
4.64E-02    0.00000088000
1.00E-01    0.00000088000
2.15E-01    0.00000088000
4.64E-01    0.00000088000
1.00E+00    0.00000088000
2.15E+00    0.00000088000
4.64E+00    0.00000088000
1.00E+01    0.00000088000
2.15E+01    0.00000088000
4.64E+01    0.00000088000
1.00E+02    0.00000088000
2.15E+02    0.00000088000
4.64E+02    0.00000088000
1.00E+03    0.00000088000
2.15E+03    0.00000088000
4.64E+03    0.00000088000
1.00E+04    0.00000088000
1.25E+04    0.00000088000
1.58E+04    0.00000088000
1.99E+04    0.00000088000
2.51E+04    0.00000088000
3.16E+04    0.00000088000
3.98E+04    0.00000088000
5.01E+04    0.00000088000
6.30E+04    0.00000088000
7.94E+04    0.00000088000
1.00E+05    0.00160870622
1.25E+05    0.00224861033
1.58E+05    0.00287562490
1.99E+05    0.00370011767
2.51E+05    0.00465062129
3.16E+05    0.00578130859
3.98E+05    0.00705679856
5.01E+05    0.00843783944
6.30E+05    0.00965612348
7.94E+05    0.01061902674
1.00E+06    0.01143538153
1.25E+06    0.01292187839
1.58E+06    0.01813547409
1.99E+06    0.02449941675
2.51E+06    0.04210562504
3.16E+06    0.05721190998
3.98E+06    0.06856889250
5.01E+06    0.06467683533
6.30E+06    0.05807741282
7.94E+06    0.01662979660
1.00E+07    0.00341690190
1.58E+07    0.00000000000
